Batalhas,WinRate_Bloco,Vitorias,Derrotas,Estados_Q,Epsilon,Cobertura_Pond,Descoberta_Turno,Churn_Politica,Delta_Q,Margem_Decisao,Estados_Maduros,Reward,Ghost_Battles,Latencia_ms,Margem_Media,Duracao_Media,Auto_Ties,Tamanho_KB,Tempo_s
1000,34.20,342,658,22909,0.3994,0.92,-1.000000,-1.000,-1.0000,1.7,8,-629,0,0.94,2.52,29.0,0,0,107
2000,33.60,336,664,42988,0.3988,2.07,0.696317,41.472,0.0072,1.9,40,-644,0,0.75,2.62,28.8,0,0,192
3000,33.00,330,670,61541,0.3983,3.22,0.621125,26.609,0.0160,3.4,89,-665,0,0.83,2.60,29.8,0,0,285
4000,30.90,309,691,78663,0.3977,4.29,0.587537,36.034,0.0098,3.5,151,-717,0,0.74,2.63,29.1,0,0,373
5000,30.60,306,694,94633,0.3971,5.32,0.552098,30.863,0.0103,3.2,230,-735,0,0.75,2.61,28.9,0,33185,459
6000,29.40,294,706,110458,0.3965,6.20,0.518716,25.711,0.0101,3.5,308,-759,0,0.74,2.58,30.4,0,33185,553
7000,29.80,298,702,125364,0.3959,7.01,0.510200,24.184,0.0073,3.5,390,-753,0,0.75,2.58,29.2,0,33185,641
8000,28.50,285,715,139668,0.3954,7.65,0.483766,19.460,0.0058,3.6,466,-779,0,0.75,2.62,29.5,0,33185,730
9000,30.00,300,700,153817,0.3948,8.52,0.468107,14.010,0.0055,3.8,583,-736,0,0.74,2.60,30.2,0,33185,822
10000,30.90,309,691,167288,0.3942,9.22,0.460295,17.805,0.0066,3.6,690,-723,0,0.74,2.60,29.2,0,58742,913
11000,27.80,278,722,180373,0.3936,9.89,0.441181,14.177,0.0053,3.7,814,-791,0,0.78,2.63,29.6,0,58742,88
12000,29.50,295,705,193007,0.3930,10.70,0.424430,14.982,0.0053,3.8,945,-755,0,0.73,2.61,29.7,0,58742,177
13000,31.60,316,684,205645,0.3925,11.24,0.418699,15.773,0.0059,3.9,1064,-690,0,0.74,2.62,30.1,0,58742,265
14000,28.10,281,719,217845,0.3919,11.98,0.402760,12.607,0.0053,3.9,1219,-793,0,0.74,2.57,30.2,0,58742,354
15000,30.20,302,698,229977,0.3913,12.61,0.392291,12.520,0.0049,3.9,1361,-738,0,0.73,2.62,30.8,0,83911,448
16000,29.80,298,702,241868,0.3907,13.36,0.376524,12.538,0.0053,4.2,1503,-749,0,0.72,2.64,30.5,0,83911,542
17000,30.30,303,697,253255,0.3901,13.91,0.379529,11.427,0.0053,4.4,1648,-733,0,0.74,2.57,30.0,0,83911,631
18000,28.70,287,713,264418,0.3896,14.46,0.366084,9.589,0.0045,4.4,1803,-769,0,0.74,2.63,30.5,0,83911,724
19000,30.10,301,699,275211,0.3890,15.04,0.352609,8.818,0.0041,4.6,1976,-733,0,0.75,2.58,30.6,0,83911,819
20000,29.60,296,704,285906,0.3884,15.57,0.353308,9.176,0.0046,4.7,2135,-761,0,0.74,2.72,30.2,0,106432,914
21000,28.40,284,716,296929,0.3878,16.53,0.319285,8.688,0.0042,4.5,2297,-782,0,0.68,2.61,31.2,0,106432,95
22000,32.40,324,676,307340,0.3872,17.17,0.337954,6.633,0.0040,4.6,2505,-670,0,0.72,2.60,30.8,0,106432,186
23000,31.50,315,685,317569,0.3867,17.66,0.338138,7.117,0.0034,4.7,2684,-709,0,0.82,2.65,30.2,0,106432,275
24000,33.10,331,669,327870,0.3861,18.03,0.343791,7.942,0.0036,4.9,2842,-657,0,0.75,2.61,29.9,0,106432,366
25000,32.60,326,674,338218,0.3855,18.44,0.332947,7.050,0.0038,5.0,3012,-678,0,0.73,2.56,31.0,0,127555,461
26000,32.30,323,677,348159,0.3849,18.79,0.333523,6.738,0.0039,5.2,3170,-682,0,0.74,2.60,29.8,0,127555,550
27000,33.20,332,668,357964,0.3843,19.20,0.322363,7.244,0.0040,5.4,3343,-658,0,0.89,2.65,30.4,0,127555,647
28000,36.30,363,637,367839,0.3838,19.56,0.328215,6.265,0.0040,5.5,3512,-576,0,0.74,2.65,30.0,0,127555,740
29000,31.20,312,688,377378,0.3832,19.93,0.318147,7.404,0.0038,5.7,3683,-713,0,0.74,2.64,29.9,0,127555,833
30000,33.20,332,668,387058,0.3826,20.34,0.305556,7.297,0.0042,5.8,3871,-649,0,0.73,2.65,31.6,0,147324,924
31000,33.80,338,662,396690,0.3820,20.64,0.316488,7.442,0.0071,6.7,4034,-636,0,0.75,2.65,30.4,0,147324,91
32000,34.00,340,660,406224,0.3814,20.95,0.300994,6.351,0.0043,6.8,4201,-633,0,0.74,2.52,31.6,0,147324,186
33000,32.00,320,680,415055,0.3809,21.31,0.287552,5.891,0.0040,6.9,4395,-693,0,0.73,2.60,30.7,0,147324,276
34000,33.00,330,670,423840,0.3803,21.65,0.281444,5.672,0.0038,7.1,4576,-669,0,0.73,2.69,31.2,0,147324,368
35000,32.40,324,676,433001,0.3797,21.99,0.285505,5.579,0.0041,7.1,4766,-683,0,0.73,2.60,32.0,0,165964,467
36000,34.30,343,657,441969,0.3791,22.30,0.294129,5.197,0.0043,7.4,4952,-634,0,0.74,2.62,30.4,0,165964,563
37000,32.50,325,675,450810,0.3785,22.64,0.279947,4.963,0.0042,7.4,5146,-674,0,0.74,2.60,31.5,0,165964,658
38000,34.70,347,653,459360,0.3780,22.98,0.278302,6.206,0.0048,7.7,5351,-609,0,0.75,2.66,30.7,0,165964,752
39000,33.40,334,666,467876,0.3774,23.31,0.276610,5.225,0.0047,7.9,5568,-648,0,0.75,2.66,30.8,0,165964,847
40000,34.20,342,658,476482,0.3768,23.58,0.274829,5.427,0.0040,8.0,5754,-631,0,1.21,2.65,31.3,0,183638,954
41000,34.60,346,654,484648,0.3762,23.85,0.264906,5.408,0.0045,8.1,5945,-611,0,0.74,2.56,30.8,0,183638,93
42000,36.00,360,640,492819,0.3756,24.18,0.267384,5.682,0.0043,8.2,6164,-573,0,0.74,2.63,30.5,0,183638,184
43000,38.20,382,618,501176,0.3751,24.48,0.266750,5.477,0.0041,8.5,6376,-519,0,0.74,2.58,31.3,0,183638,278
44000,37.30,373,627,509412,0.3745,24.78,0.263670,4.841,0.0047,8.6,6584,-538,0,0.85,2.64,31.2,0,183638,371
45000,32.90,329,671,517555,0.3739,25.10,0.267677,4.826,0.0045,8.8,6821,-655,0,0.74,2.60,30.4,0,200379,467
46000,33.70,337,663,525301,0.3733,25.38,0.254443,4.226,0.0039,8.9,7022,-643,0,0.74,2.60,30.4,0,200379,558
47000,34.70,347,653,533040,0.3727,25.72,0.249468,4.949,0.0042,9.0,7266,-610,0,0.74,2.61,31.0,0,200379,656
48000,38.40,384,616,541126,0.3722,26.01,0.254181,4.936,0.0039,9.2,7483,-514,0,0.74,2.63,31.8,0,200379,752
49000,36.40,364,636,548792,0.3716,26.30,0.249910,4.400,0.0042,9.4,7706,-568,0,0.74,2.58,30.6,0,200379,840
50000,35.50,355,645,556399,0.3710,26.57,0.246030,4.365,0.0042,9.5,7914,-598,0,0.75,2.62,30.9,0,216171,940
51000,36.20,362,638,564341,0.3704,26.85,0.249200,4.317,0.0043,9.7,8152,-589,0,0.80,2.63,31.8,0,216171,95
52000,35.90,359,641,572354,0.3698,27.13,0.251278,4.742,0.0038,9.8,8403,-586,0,0.73,2.60,31.9,0,216171,189
53000,35.60,356,644,580223,0.3693,27.38,0.241380,4.235,0.0039,9.9,8613,-596,0,0.79,2.61,32.6,0,216171,284
54000,35.60,356,644,587596,0.3687,27.63,0.237395,4.018,0.0035,10.0,8848,-593,0,0.81,2.60,31.0,0,216171,381
55000,36.10,361,639,595006,0.3681,27.89,0.235074,4.079,0.0039,10.0,9076,-591,0,0.74,2.65,31.5,0,231866,476
56000,36.80,368,632,602433,0.3675,28.16,0.233165,3.602,0.0040,10.2,9323,-560,0,0.74,2.60,31.8,0,231866,576
57000,36.30,363,637,610032,0.3669,28.43,0.233213,4.245,0.0044,10.2,9558,-568,0,0.73,2.61,32.5,0,231866,672
58000,38.30,383,617,617332,0.3664,28.65,0.230509,4.261,0.0039,10.2,9779,-525,0,0.74,2.68,31.6,0,231866,768
59000,38.10,381,619,624760,0.3658,28.92,0.229528,4.531,0.0045,10.4,10023,-523,0,0.73,2.70,32.3,0,231866,867
60000,36.30,363,637,631897,0.3652,29.15,0.222704,4.451,0.0041,10.5,10249,-577,0,0.74,2.67,32.0,0,246868,976
61000,34.20,342,658,638884,0.3646,29.39,0.226204,4.303,0.0044,10.7,10470,-635,0,0.75,2.72,30.8,0,246868,92
62000,32.10,321,679,645897,0.3640,29.60,0.223330,4.482,0.0038,10.7,10674,-685,0,0.73,2.70,31.4,0,246868,185
63000,33.70,337,663,653046,0.3635,29.86,0.218697,4.149,0.0038,10.7,10909,-649,0,0.78,2.72,32.6,0,246868,279
64000,31.90,319,681,659755,0.3629,30.13,0.211440,3.644,0.0042,10.8,11158,-688,0,0.73,2.77,31.7,0,246868,374
65000,31.90,319,681,666660,0.3623,30.37,0.216281,3.380,0.0040,11.0,11387,-683,0,0.98,2.74,31.9,0,261013,474
66000,34.40,344,656,673492,0.3617,30.62,0.214600,3.208,0.0038,11.1,11656,-626,0,0.72,2.65,31.8,0,261013,571
67000,35.70,357,643,680094,0.3611,30.83,0.219314,3.979,0.0040,11.2,11886,-593,0,0.74,2.67,30.0,0,261013,663
68000,34.80,348,652,686942,0.3606,31.11,0.207660,3.819,0.0043,11.4,12162,-613,0,0.72,2.65,32.9,0,261013,761
69000,33.10,331,669,693909,0.3600,31.33,0.216541,3.860,0.0041,11.4,12410,-661,0,0.73,2.67,32.1,0,261013,861
70000,34.80,348,652,700642,0.3594,31.55,0.215635,2.841,0.0041,11.6,12650,-606,0,0.73,2.70,31.2,0,274859,953
71000,37.70,377,623,707055,0.3588,31.78,0.207125,3.665,0.0042,11.8,12907,-528,0,0.75,2.62,30.9,0,274859,95
72000,38.90,389,611,713527,0.3582,32.00,0.208003,3.251,0.0039,12.0,13163,-487,0,0.74,2.66,31.1,0,274859,189
73000,37.70,377,623,720043,0.3577,32.19,0.210072,3.158,0.0039,12.1,13394,-538,0,0.74,2.58,31.0,0,274859,283
74000,38.70,387,613,726570,0.3571,32.41,0.213811,3.265,0.0040,12.3,13653,-500,0,0.74,2.67,30.5,0,274859,377
75000,37.20,372,628,733192,0.3565,32.64,0.207984,3.160,0.0041,12.3,13914,-542,0,0.86,2.62,31.8,0,288131,473
76000,40.80,408,592,739422,0.3559,32.86,0.206798,3.360,0.0042,12.5,14182,-448,0,0.74,2.74,30.1,0,288131,568
77000,40.50,405,595,745669,0.3553,33.05,0.202149,3.643,0.0047,12.8,14412,-452,0,0.74,2.64,30.9,0,288131,661
78000,36.80,368,632,751834,0.3548,33.25,0.196100,3.458,0.0045,12.9,14653,-547,0,0.74,2.67,31.4,0,288131,756
79000,40.80,408,592,758069,0.3542,33.45,0.201871,3.252,0.0043,13.1,14897,-452,0,0.73,2.68,30.9,0,288131,851
80000,40.90,409,591,764458,0.3536,33.63,0.199812,3.122,0.0048,13.3,15124,-447,0,0.73,2.67,31.9,0,300895,959
81000,44.00,440,560,770647,0.3530,33.83,0.193285,3.099,0.0048,13.6,15385,-369,0,0.74,2.67,31.5,0,300895,96
82000,40.70,407,593,776939,0.3524,34.03,0.197743,3.203,0.0044,13.7,15636,-452,0,0.73,2.64,31.8,0,300895,191
83000,37.10,371,629,782819,0.3519,34.20,0.190058,3.276,0.0047,13.9,15871,-547,0,0.74,2.74,30.9,0,300895,284
84000,39.30,393,607,789087,0.3513,34.38,0.197941,3.022,0.0045,14.1,16105,-489,0,0.74,2.65,31.6,0,300895,385
85000,37.00,370,630,795109,0.3507,34.58,0.187490,2.915,0.0048,14.0,16362,-541,0,0.72,2.61,32.1,0,313430,482
86000,39.50,395,605,801279,0.3501,34.74,0.195711,2.813,0.0043,14.1,16588,-479,0,0.73,2.58,31.5,0,313430,581
87000,35.30,353,647,807211,0.3495,34.94,0.189860,2.807,0.0045,14.3,16847,-591,0,0.73,2.62,31.2,0,313430,676
88000,40.00,400,600,813339,0.3490,35.11,0.197837,2.876,0.0046,14.5,17093,-462,0,0.74,2.68,30.9,0,313430,772
89000,40.10,401,599,819316,0.3484,35.29,0.188021,2.841,0.0044,14.6,17332,-463,0,0.73,2.68,31.7,0,313430,870
90000,38.70,387,613,825371,0.3478,35.44,0.194039,3.120,0.0048,14.8,17557,-506,0,0.73,2.69,31.2,0,325792,978
91000,40.10,401,599,831292,0.3472,35.63,0.178456,3.705,0.0052,14.9,17807,-469,0,0.73,2.71,33.1,0,325792,97
92000,39.70,397,603,837330,0.3466,35.80,0.188240,3.073,0.0042,15.1,18060,-483,0,0.71,2.69,32.0,0,325792,192
93000,39.10,391,609,843319,0.3461,35.96,0.195432,2.726,0.0044,15.3,18308,-491,0,0.73,2.70,30.6,0,325792,283
94000,38.70,387,613,849409,0.3455,36.15,0.190539,2.690,0.0042,15.3,18598,-504,0,0.72,2.57,31.9,0,325792,378
95000,38.00,380,620,855310,0.3449,36.29,0.187500,2.964,0.0041,15.3,18835,-526,0,0.72,2.66,31.4,0,338033,477
96000,35.40,354,646,861110,0.3443,36.47,0.178045,3.474,0.0045,15.4,19100,-591,0,0.72,2.66,32.5,0,338033,579
97000,41.00,410,590,866808,0.3437,36.60,0.183192,2.190,0.0038,15.5,19318,-439,0,0.73,2.67,31.1,0,338033,673
98000,39.20,392,608,872620,0.3432,36.77,0.181881,3.088,0.0043,15.6,19585,-496,0,0.72,2.69,31.9,0,338033,770
99000,42.00,420,580,878242,0.3426,36.91,0.179737,2.586,0.0042,15.9,19816,-416,0,0.72,2.69,31.2,0,338033,858
100000,39.80,398,602,883873,0.3420,37.09,0.176233,2.409,0.0043,16.0,20093,-474,0,0.72,2.63,31.9,0,349733,985
101000,36.90,369,631,889643,0.3414,37.25,0.175791,2.579,0.0046,16.1,20340,-545,0,0.73,2.71,32.8,0,349733,99
102000,39.20,392,608,895484,0.3408,37.42,0.177635,2.639,0.0041,16.2,20623,-493,0,0.74,2.66,32.8,0,349733,199
103000,38.40,384,616,901282,0.3403,37.57,0.186863,2.360,0.0039,16.4,20879,-505,0,0.73,2.72,31.0,0,349733,292
104000,38.10,381,619,906762,0.3397,37.74,0.168990,2.238,0.0041,16.5,21166,-516,0,0.72,2.65,32.4,0,349733,389
105000,37.30,373,627,912252,0.3391,37.90,0.168762,2.406,0.0039,16.6,21429,-545,0,0.73,2.68,32.5,0,361367,493
106000,41.00,410,590,917808,0.3385,38.06,0.172151,2.329,0.0041,16.7,21679,-442,0,0.72,2.73,32.2,0,361367,595
107000,39.30,393,607,923256,0.3379,38.20,0.166270,2.360,0.0043,16.9,21908,-484,0,0.73,2.77,32.7,0,361367,694
108000,38.50,385,615,928723,0.3374,38.35,0.167151,2.622,0.0044,16.9,22174,-511,0,0.73,2.65,32.6,0,361367,794
109000,40.40,404,596,934045,0.3368,38.51,0.167517,2.386,0.0042,17.1,22433,-455,0,0.74,2.69,31.7,0,361367,899
110000,35.60,356,644,939407,0.3362,38.63,0.169947,2.265,0.0040,17.1,22665,-583,0,0.74,2.61,31.5,0,372495,995
111000,41.60,416,584,944591,0.3356,38.78,0.163435,2.754,0.0056,17.5,22939,-427,0,0.73,2.69,31.7,0,372495,96
112000,42.20,422,578,949932,0.3350,38.92,0.167314,2.501,0.0044,17.6,23171,-411,0,0.79,2.74,31.9,0,372495,192
113000,41.80,418,582,955209,0.3345,39.06,0.167508,2.580,0.0046,17.9,23427,-421,0,0.83,2.68,31.5,0,372495,288
114000,42.60,426,574,960343,0.3339,39.24,0.155411,2.177,0.0045,18.0,23741,-398,0,0.72,2.64,33.0,0,372495,388
115000,44.00,440,560,965696,0.3333,39.39,0.164142,2.357,0.0044,18.2,24013,-362,0,0.73,2.73,32.6,0,383298,488
116000,41.50,415,585,970731,0.3327,39.54,0.159290,2.064,0.0043,18.3,24290,-423,0,0.72,2.65,31.5,0,383298,586
117000,40.10,401,599,975932,0.3321,39.69,0.165174,2.433,0.0042,18.4,24562,-466,0,0.74,2.62,31.4,0,383298,683
118000,40.60,406,594,980973,0.3316,39.82,0.160849,2.608,0.0049,18.6,24809,-439,0,0.73,2.71,31.3,0,383298,778
119000,43.80,438,562,986186,0.3310,39.96,0.166950,2.123,0.0044,18.8,25074,-373,0,0.74,2.69,31.2,0,383298,878
120000,42.00,420,580,991395,0.3304,40.08,0.161825,2.273,0.0044,18.9,25328,-410,0,0.73,2.65,32.1,0,393857,993
121000,42.70,427,573,996335,0.3298,40.21,0.160750,2.544,0.0050,19.1,25586,-388,0,0.75,2.72,30.7,0,393857,93
122000,45.50,455,545,1001254,0.3292,40.35,0.158366,2.978,0.0046,19.2,25846,-317,0,0.72,2.74,31.0,0,393857,186
123000,43.30,433,567,1005822,0.3287,40.47,0.147889,2.301,0.0045,19.4,26085,-371,0,0.73,2.69,30.8,0,393857,277
124000,43.30,433,567,1010816,0.3281,40.62,0.157257,2.778,0.0049,19.6,26349,-380,0,0.72,2.69,31.7,0,393857,375
125000,42.60,426,574,1015838,0.3275,40.76,0.159196,2.690,0.0047,19.8,26621,-383,0,0.72,2.68,31.5,0,403904,473
126000,43.80,438,562,1020978,0.3269,40.90,0.161849,2.063,0.0053,19.9,26913,-365,0,0.86,2.66,31.7,0,403904,570
127000,42.20,422,578,1025698,0.3263,41.03,0.147040,2.203,0.0049,20.2,27150,-401,0,0.71,2.67,32.1,0,403904,665
128000,43.40,434,566,1030602,0.3258,41.15,0.157054,2.920,0.0049,20.3,27399,-378,0,0.73,2.70,31.2,0,403904,760
129000,47.10,471,529,1035232,0.3252,41.30,0.145168,1.659,0.0045,20.4,27680,-283,0,0.98,2.70,31.9,0,403904,859
130000,46.50,465,535,1040094,0.3246,41.43,0.153332,2.004,0.0048,20.7,27931,-291,0,0.73,2.71,31.6,0,413913,971
131000,43.90,439,561,1044873,0.3240,41.55,0.152406,2.875,0.0060,20.9,28176,-357,0,0.75,2.70,31.3,0,413913,95
132000,41.80,418,582,1049683,0.3234,41.67,0.153024,2.083,0.0048,21.1,28435,-412,0,0.73,2.73,31.4,0,413913,190
133000,45.80,458,542,1054405,0.3229,41.80,0.150138,2.094,0.0047,21.4,28704,-315,0,0.72,2.73,31.4,0,413913,283
134000,43.60,436,564,1059375,0.3223,41.93,0.154732,2.065,0.0051,21.6,28954,-376,0,0.72,2.62,32.1,0,413913,378
135000,46.30,463,537,1064236,0.3217,42.05,0.150850,2.038,0.0050,21.7,29223,-299,0,0.87,2.76,32.2,0,423856,482
136000,43.30,433,567,1069031,0.3211,42.18,0.147802,2.008,0.0047,21.8,29481,-376,0,0.72,2.69,32.4,0,423856,578
137000,45.30,453,547,1073978,0.3205,42.30,0.156938,1.936,0.0044,22.0,29741,-327,0,0.72,2.70,31.5,0,423856,678
138000,43.60,436,564,1078797,0.3200,42.40,0.155171,1.971,0.0045,22.0,29972,-362,0,0.73,2.70,31.0,0,423856,774
139000,42.60,426,574,1083425,0.3194,42.51,0.145434,2.169,0.0047,22.3,30212,-394,0,0.72,2.71,31.8,0,423856,875
140000,45.50,455,545,1088187,0.3188,42.62,0.152809,1.842,0.0052,22.6,30459,-313,0,0.74,2.72,31.1,0,433721,970
141000,41.90,419,581,1092894,0.3182,42.74,0.146307,2.381,0.0060,22.9,30717,-417,0,0.74,2.79,32.1,0,433721,98
142000,44.00,440,560,1097551,0.3176,42.85,0.146359,1.945,0.0046,23.0,30971,-359,0,0.77,2.78,31.8,0,433721,193
143000,42.50,425,575,1102240,0.3171,42.97,0.146289,2.013,0.0050,23.2,31259,-397,0,0.72,2.76,32.0,0,433721,288
144000,42.00,420,580,1106840,0.3165,43.09,0.143070,2.277,0.0048,23.2,31529,-416,0,0.72,2.75,32.1,0,433721,384
145000,41.00,410,590,1111641,0.3159,43.20,0.149220,1.785,0.0047,23.4,31790,-436,0,0.73,2.79,32.1,0,443399,489
146000,41.50,415,585,1116148,0.3153,43.33,0.139178,2.045,0.0051,23.5,32053,-425,0,0.72,2.75,32.3,0,443399,584
147000,41.40,414,586,1120785,0.3147,43.42,0.146782,2.232,0.0048,23.5,32279,-429,0,0.90,2.80,31.5,0,443399,686
148000,42.70,427,573,1125271,0.3142,43.53,0.144193,1.902,0.0050,23.7,32535,-403,0,0.72,2.81,31.1,0,443399,774
149000,43.00,430,570,1129837,0.3136,43.63,0.143382,1.877,0.0057,24.0,32769,-380,0,0.96,2.76,31.8,0,443399,910
150000,41.30,413,587,1134375,0.3130,43.75,0.142471,1.633,0.0050,24.1,33045,-434,0,0.72,2.77,31.8,0,452767,1018
151000,41.20,412,588,1138829,0.3124,43.86,0.137818,1.910,0.0062,24.3,33308,-424,0,0.73,2.70,32.3,0,452767,99
152000,44.90,449,551,1143361,0.3118,43.96,0.143241,1.770,0.0047,24.4,33565,-325,0,0.79,2.76,31.6,0,452767,193
153000,43.60,436,564,1147888,0.3113,44.08,0.135219,1.775,0.0046,24.5,33826,-363,0,0.78,2.73,33.4,0,452767,293
154000,46.70,467,533,1152441,0.3107,44.20,0.137594,2.059,0.0051,24.8,34114,-285,0,0.71,2.72,33.0,0,452767,393
155000,47.30,473,527,1156842,0.3101,44.31,0.137308,1.704,0.0047,25.0,34369,-268,0,0.72,2.85,32.0,0,462049,497
156000,44.00,440,560,1161458,0.3095,44.42,0.142601,1.660,0.0049,24.9,34639,-347,0,0.90,2.68,32.3,0,462049,599
157000,44.50,445,555,1165947,0.3089,44.51,0.140373,1.362,0.0057,25.3,34891,-343,0,0.73,2.78,31.9,0,462049,697
158000,46.80,468,532,1170542,0.3084,44.62,0.144633,1.882,0.0049,25.5,35155,-282,0,0.74,2.76,31.7,0,462049,797
159000,44.60,446,554,1175071,0.3078,44.73,0.140195,1.828,0.0069,25.8,35427,-345,0,0.72,2.73,32.2,0,462049,890
160000,46.50,465,535,1179774,0.3072,44.84,0.143227,1.376,0.0049,25.8,35712,-296,0,0.73,2.69,32.8,0,471530,1006
161000,40.60,406,594,1184004,0.3066,44.95,0.133199,2.054,0.0063,25.9,35990,-456,0,0.79,2.80,31.7,0,471530,97
162000,41.70,417,583,1188401,0.3060,45.05,0.139698,1.755,0.0049,26.1,36251,-423,0,0.73,2.73,31.4,0,471530,191
163000,40.90,409,591,1192822,0.3055,45.15,0.138087,1.493,0.0048,26.1,36494,-437,0,0.73,2.77,32.0,0,471530,286
164000,41.60,416,584,1196937,0.3049,45.25,0.128461,1.819,0.0047,26.3,36759,-413,0,0.73,2.82,32.0,0,471530,383
165000,40.60,406,594,1201207,0.3043,45.35,0.135259,1.774,0.0053,26.2,37001,-436,0,0.73,2.63,31.5,0,480397,487
166000,43.50,435,565,1205507,0.3037,45.43,0.135454,1.861,0.0052,26.3,37229,-368,0,0.72,2.75,31.7,0,480397,582
167000,44.80,448,552,1209763,0.3031,45.53,0.133079,2.031,0.0053,26.4,37486,-335,0,0.73,2.76,31.9,0,480397,679
168000,37.70,377,623,1214037,0.3026,45.63,0.132355,1.770,0.0050,26.4,37763,-517,0,0.73,2.75,32.2,0,480397,777
169000,42.00,420,580,1218132,0.3020,45.73,0.129613,1.888,0.0048,26.5,38029,-411,0,0.73,2.80,31.5,0,480397,876
170000,41.30,413,587,1222177,0.3014,45.83,0.128388,1.740,0.0051,26.6,38290,-423,0,0.74,2.72,31.4,0,489074,987
171000,42.60,426,574,1226352,0.3008,45.91,0.132053,2.085,0.0061,26.7,38509,-395,0,0.73,2.71,31.6,0,489074,98
172000,43.20,432,568,1230365,0.3002,46.02,0.123159,1.959,0.0047,26.9,38781,-387,0,0.73,2.79,32.5,0,489074,196
173000,45.20,452,548,1234652,0.2997,46.10,0.133340,1.789,0.0045,27.0,39031,-327,0,0.72,2.74,32.1,0,489074,293
174000,45.30,453,547,1238806,0.2991,46.21,0.126311,1.441,0.0050,27.3,39308,-318,0,0.72,2.84,32.8,1,489074,392
175000,42.40,424,576,1242931,0.2985,46.31,0.127272,1.855,0.0047,27.4,39561,-403,0,0.73,2.73,32.4,0,497674,497
176000,42.60,426,574,1247173,0.2979,46.40,0.128266,1.593,0.0052,27.6,39829,-390,0,0.73,2.73,33.0,0,497674,597
177000,42.40,424,576,1251265,0.2973,46.50,0.126480,1.424,0.0049,27.7,40092,-392,0,0.72,2.71,32.3,0,497674,701
178000,42.10,421,579,1255534,0.2968,46.59,0.129125,1.799,0.0045,27.8,40365,-407,0,0.72,2.77,33.0,0,497674,803
179000,42.90,429,571,1259381,0.2962,46.68,0.123104,1.521,0.0050,27.9,40624,-380,0,0.73,2.81,31.2,0,497674,894
180000,43.00,430,570,1263631,0.2956,46.79,0.131542,1.479,0.0045,27.9,40917,-389,0,0.73,2.72,32.3,0,506263,1009
181000,43.90,439,561,1267517,0.2950,46.90,0.120537,1.732,0.0080,28.5,41198,-351,0,0.78,2.79,32.2,0,506263,98
182000,47.60,476,524,1271450,0.2944,46.97,0.126822,1.257,0.0050,28.8,41434,-265,0,0.74,2.77,31.0,0,506263,192
183000,43.60,436,564,1275421,0.2939,47.06,0.124910,1.424,0.0047,29.0,41696,-364,0,0.73,2.70,31.7,0,506263,289
184000,44.90,449,551,1279402,0.2933,47.15,0.122760,1.231,0.0047,29.0,41943,-333,0,0.73,2.75,32.3,0,506263,388
185000,46.50,465,535,1283453,0.2927,47.23,0.129120,1.452,0.0049,29.1,42190,-281,0,0.74,2.77,31.3,0,514487,492
186000,45.90,459,541,1287350,0.2921,47.33,0.121538,1.393,0.0048,29.2,42459,-300,0,0.72,2.81,32.0,0,514487,588
187000,46.10,461,539,1291148,0.2915,47.43,0.114750,1.499,0.0050,29.3,42738,-301,0,0.72,2.76,33.0,0,514487,688
188000,47.30,473,527,1295214,0.2910,47.52,0.126761,1.527,0.0047,29.4,42997,-257,0,0.97,2.75,32.0,0,514487,795
189000,44.80,448,552,1299086,0.2904,47.61,0.123738,1.473,0.0048,29.4,43278,-338,0,0.74,2.75,31.2,0,514487,886
190000,43.60,436,564,1302972,0.2898,47.70,0.123506,1.580,0.0051,29.6,43545,-362,0,0.74,2.73,31.4,0,522606,999
191000,46.50,465,535,1306802,0.2892,47.81,0.114063,1.810,0.0062,29.9,43836,-287,0,0.71,2.75,33.5,0,522606,102
192000,45.50,455,545,1310862,0.2886,47.89,0.126511,1.407,0.0044,29.9,44084,-317,0,0.73,2.78,32.0,0,522606,198
193000,50.90,509,491,1314879,0.2881,47.98,0.121654,1.419,0.0049,30.3,44363,-177,0,0.72,2.84,33.0,0,522606,297
194000,44.40,444,556,1318862,0.2875,48.07,0.121005,1.316,0.0047,30.4,44635,-348,0,0.85,2.78,32.9,0,522606,398
195000,45.90,459,541,1322768,0.2869,48.16,0.117928,1.394,0.0045,30.6,44925,-300,0,0.72,2.70,33.1,0,530835,506
196000,47.00,470,530,1326657,0.2863,48.26,0.120198,1.298,0.0054,30.5,45220,-274,0,0.73,2.74,32.3,0,530835,604
197000,46.80,468,532,1330611,0.2857,48.35,0.121680,1.626,0.0048,30.8,45487,-285,0,0.73,2.75,32.4,0,530835,702
198000,46.50,465,535,1334461,0.2852,48.42,0.121199,1.483,0.0050,31.0,45713,-289,0,0.73,2.83,31.7,0,530835,800
199000,49.90,499,501,1338321,0.2846,48.51,0.118449,1.236,0.0049,31.2,45959,-198,0,0.72,2.83,32.5,0,530835,903
200000,48.00,480,520,1342094,0.2840,48.59,0.116724,1.334,0.0048,31.3,46213,-247,0,0.74,2.73,32.3,0,538873,1022
201000,44.90,449,551,1345724,0.2834,48.69,0.111868,2.054,0.0070,31.5,46483,-331,0,0.74,2.71,32.4,0,538873,100
202000,44.00,440,560,1349585,0.2828,48.77,0.115512,1.247,0.0048,31.7,46730,-353,0,0.77,2.74,32.3,0,538873,197
203000,44.20,442,558,1353309,0.2823,48.84,0.118245,1.437,0.0049,31.7,46946,-356,0,0.79,2.71,31.4,0,538873,291
204000,45.80,458,542,1357208,0.2817,48.92,0.120406,1.351,0.0045,31.8,47180,-315,0,0.72,2.77,32.3,0,538873,388
205000,46.40,464,536,1361125,0.2811,49.01,0.121142,1.472,0.0047,31.9,47468,-289,0,0.73,2.73,32.3,0,546777,494
206000,46.60,466,534,1364901,0.2805,49.09,0.117548,1.300,0.0047,32.0,47714,-285,0,0.72,2.81,32.1,0,546777,595
207000,46.40,464,536,1368734,0.2799,49.16,0.118493,1.349,0.0046,32.2,47974,-282,0,0.72,2.83,32.3,0,546777,693
208000,46.90,469,531,1372440,0.2794,49.26,0.112310,1.339,0.0045,32.4,48253,-282,0,0.71,2.71,33.0,0,546777,795
209000,45.30,453,547,1376279,0.2788,49.35,0.114447,1.071,0.0044,32.5,48539,-319,0,0.70,2.75,33.5,0,546777,906
210000,47.30,473,527,1380228,0.2782,49.42,0.122113,1.302,0.0050,32.7,48784,-267,0,0.73,2.81,32.3,0,554704,1035
211000,49.50,495,505,1383917,0.2776,49.50,0.117264,1.611,0.0065,33.1,49034,-209,0,0.71,2.73,31.4,0,554704,96
212000,47.90,479,521,1387583,0.2770,49.58,0.116811,1.296,0.0046,33.2,49303,-248,0,0.71,2.75,31.3,0,554704,189
213000,48.00,480,520,1391174,0.2765,49.66,0.112620,1.252,0.0054,33.5,49576,-238,0,0.72,2.76,31.8,0,554704,285
214000,49.40,494,506,1394829,0.2759,49.75,0.113636,1.268,0.0050,33.7,49840,-210,0,0.71,2.79,32.1,0,554704,382
215000,49.30,493,507,1398404,0.2753,49.82,0.111715,1.333,0.0046,33.8,50084,-214,0,0.72,2.68,31.9,0,562258,487
216000,50.90,509,491,1401997,0.2747,49.90,0.113212,1.125,0.0053,34.2,50338,-161,0,0.72,2.74,31.7,0,562258,584
217000,50.70,507,493,1405511,0.2741,49.99,0.109358,1.173,0.0049,34.3,50608,-175,0,0.71,2.78,32.1,0,562258,680
218000,46.60,466,534,1409021,0.2736,50.07,0.108979,1.429,0.0047,34.4,50862,-279,0,0.72,2.71,32.2,0,562258,786
219000,52.70,527,473,1412630,0.2730,50.15,0.110859,1.450,0.0052,34.7,51134,-128,0,0.72,2.85,32.5,0,562258,881
220000,47.00,470,530,1416070,0.2724,50.24,0.106373,1.262,0.0051,34.8,51388,-270,0,1.20,2.74,32.3,0,569641,1026
221000,49.70,497,503,1419652,0.2718,50.31,0.109766,1.628,0.0071,35.2,51639,-195,0,0.73,2.80,32.6,0,569641,100
222000,50.30,503,497,1423423,0.2712,50.37,0.120046,1.070,0.0044,35.3,51878,-187,0,0.75,2.80,31.4,0,569641,197
223000,50.00,500,500,1426970,0.2707,50.44,0.110847,1.199,0.0046,35.4,52130,-194,0,0.81,2.72,32.0,0,569641,293
224000,52.10,521,479,1430336,0.2701,50.52,0.105115,1.194,0.0048,35.6,52416,-134,0,0.85,2.85,32.0,0,569641,393
225000,52.30,523,477,1433830,0.2695,50.61,0.105076,1.127,0.0050,35.8,52711,-133,0,0.73,2.78,33.2,0,577069,501
226000,50.40,504,496,1437520,0.2689,50.69,0.113214,1.288,0.0046,35.9,52984,-182,0,0.72,2.81,32.5,0,577069,606
227000,48.60,486,514,1441061,0.2683,50.77,0.107826,1.350,0.0047,36.0,53243,-230,0,0.73,2.85,32.8,0,577069,706
228000,50.10,501,499,1444677,0.2678,50.84,0.111337,1.458,0.0050,36.2,53484,-198,0,0.74,2.78,32.4,0,577069,810
229000,45.90,459,541,1448017,0.2672,50.92,0.103752,1.290,0.0049,36.2,53754,-290,0,0.73,2.79,32.1,0,577069,917
230000,46.50,465,535,1451567,0.2666,51.00,0.106735,1.195,0.0044,36.3,54031,-283,0,0.73,2.76,33.2,0,584466,1044
231000,47.80,478,522,1454929,0.2660,51.08,0.104271,1.308,0.0070,36.6,54307,-234,0,0.78,2.82,32.2,0,584466,100
232000,48.50,485,515,1458363,0.2654,51.16,0.105945,1.214,0.0049,36.8,54610,-238,0,0.77,2.82,32.3,0,584466,196
233000,48.00,480,520,1461706,0.2649,51.23,0.105617,1.071,0.0047,37.1,54839,-243,0,0.81,2.84,31.6,0,584466,292
234000,46.60,466,534,1465134,0.2643,51.30,0.105953,1.069,0.0051,37.2,55108,-285,0,0.81,2.83,32.3,0,584466,391
235000,47.70,477,523,1468458,0.2637,51.38,0.102085,1.068,0.0051,37.3,55362,-244,0,0.73,2.83,32.5,0,591535,499
236000,49.70,497,503,1471833,0.2631,51.45,0.104863,1.080,0.0046,37.4,55622,-195,0,0.92,2.91,32.1,0,591535,603
237000,46.50,465,535,1475255,0.2625,51.54,0.104857,1.111,0.0047,37.6,55922,-288,0,0.72,2.81,32.6,0,591535,704
238000,46.90,469,531,1478504,0.2620,51.60,0.102895,1.032,0.0046,37.6,56167,-276,0,0.73,2.77,31.5,0,591535,804
239000,46.70,467,533,1482103,0.2614,51.67,0.108276,1.028,0.0046,37.7,56416,-279,0,0.73,2.86,33.2,0,591535,917
240000,45.80,458,542,1485545,0.2608,51.74,0.103815,0.811,0.0048,37.7,56677,-306,0,0.73,2.77,33.1,0,598701,1043
241000,45.50,455,545,1488871,0.2602,51.81,0.103135,1.607,0.0065,38.0,56933,-311,0,0.72,2.85,32.2,0,598701,99
242000,44.40,444,556,1492258,0.2596,51.89,0.104705,1.043,0.0046,38.0,57203,-344,0,0.73,2.76,32.3,0,598701,198
243000,45.00,450,550,1495595,0.2591,51.96,0.103572,1.037,0.0044,38.0,57484,-325,0,0.73,2.83,32.2,0,598701,295
244000,48.20,482,518,1498803,0.2585,52.02,0.101416,1.022,0.0047,38.1,57728,-236,0,0.74,2.82,31.6,0,598701,394
245000,45.60,456,544,1502347,0.2579,52.10,0.108936,1.566,0.0044,38.1,58019,-318,0,0.73,2.76,32.5,0,605745,502
246000,45.80,458,542,1505737,0.2573,52.18,0.101285,1.335,0.0046,38.2,58283,-298,0,0.91,2.78,33.4,1,605745,608
247000,45.20,452,548,1508922,0.2567,52.25,0.099969,0.803,0.0048,38.3,58575,-311,0,0.96,2.77,31.8,0,605745,708
248000,46.40,464,536,1512228,0.2562,52.32,0.101670,0.974,0.0046,38.4,58830,-277,0,0.73,2.88,32.5,0,605745,809
249000,46.50,465,535,1515652,0.2556,52.39,0.103758,1.067,0.0045,38.4,59080,-280,0,0.73,2.79,32.9,0,605745,907
250000,46.70,467,533,1518931,0.2550,52.46,0.098182,0.765,0.0045,38.5,59345,-268,0,0.73,2.81,33.3,0,612703,1065
251000,49.40,494,506,1522207,0.2544,52.54,0.098850,1.287,0.0066,38.9,59661,-203,0,0.71,2.73,33.1,0,612703,101
252000,52.00,520,480,1525539,0.2538,52.61,0.100771,1.151,0.0047,39.2,59902,-142,0,0.75,2.82,33.0,0,612703,199
253000,50.90,509,491,1528874,0.2533,52.67,0.103241,1.120,0.0044,39.4,60158,-164,0,0.72,2.86,32.3,0,612703,298
254000,47.80,478,522,1532263,0.2527,52.74,0.103301,1.161,0.0043,39.5,60418,-253,0,0.72,2.80,32.8,0,612703,395
255000,48.70,487,513,1535611,0.2521,52.81,0.101874,0.905,0.0042,39.5,60702,-219,0,0.73,2.81,32.8,0,619691,505
256000,50.70,507,493,1538828,0.2515,52.88,0.096004,0.884,0.0046,39.8,60965,-178,0,0.71,2.80,32.6,0,619691,609
257000,49.60,496,504,1542068,0.2509,52.94,0.098492,1.207,0.0044,40.0,61234,-196,0,0.72,2.87,32.8,0,619691,710
258000,49.10,491,509,1545160,0.2504,53.01,0.093360,0.991,0.0045,40.2,61470,-206,0,0.71,2.85,33.1,0,619691,811
259000,50.60,506,494,1548601,0.2498,53.08,0.102137,0.980,0.0044,40.2,61732,-172,0,0.72,2.87,33.6,0,619691,925
260000,51.50,515,485,1551932,0.2492,53.15,0.099329,1.191,0.0045,40.3,62029,-153,0,0.73,2.80,33.5,0,626537,1055
261000,52.00,520,480,1554974,0.2486,53.23,0.092434,2.240,0.0074,40.9,62314,-133,0,0.71,2.82,32.9,0,626537,101
262000,48.90,489,511,1558115,0.2480,53.29,0.098319,1.091,0.0044,40.9,62555,-214,0,0.72,2.84,31.9,0,626537,198
263000,44.90,449,551,1561350,0.2475,53.35,0.096819,1.311,0.0045,40.8,62811,-316,0,0.72,2.75,33.4,0,626537,298
264000,49.50,495,505,1564379,0.2469,53.42,0.092985,0.872,0.0043,41.0,63076,-203,0,0.71,2.83,32.5,0,626537,397
265000,50.20,502,498,1567437,0.2463,53.49,0.092261,1.067,0.0043,41.1,63337,-185,0,0.72,2.82,33.1,0,633066,507
266000,49.60,496,504,1570420,0.2457,53.55,0.094843,1.100,0.0044,41.2,63612,-186,0,0.73,2.90,31.4,0,633066,609
267000,51.40,514,486,1573433,0.2451,53.62,0.094259,0.972,0.0047,41.5,63861,-146,0,0.73,2.84,31.9,0,633066,709
268000,51.60,516,484,1576460,0.2446,53.69,0.092824,0.893,0.0044,41.6,64138,-147,0,0.73,2.75,32.6,0,633066,811
269000,51.10,511,489,1579617,0.2440,53.76,0.096751,1.243,0.0045,41.8,64422,-162,0,0.72,2.84,32.6,0,633066,922
270000,51.80,518,482,1582799,0.2434,53.82,0.096968,0.891,0.0046,42.0,64703,-143,0,0.73,2.81,32.8,0,639518,1055
271000,51.10,511,489,1585895,0.2428,53.89,0.093467,1.869,0.0069,42.2,64989,-157,0,0.71,2.81,33.1,0,639518,102
272000,49.70,497,503,1588937,0.2422,53.96,0.093173,1.141,0.0044,42.3,65243,-196,0,0.72,2.80,32.6,0,639518,201
273000,54.10,541,459,1592142,0.2417,54.01,0.099011,0.722,0.0043,42.4,65481,-86,0,0.73,2.81,32.3,0,639518,298
274000,51.70,517,483,1595184,0.2411,54.08,0.089727,0.827,0.0043,42.5,65753,-139,0,0.72,2.86,33.9,0,639518,401
275000,53.10,531,469,1598155,0.2405,54.15,0.093278,0.889,0.0047,42.7,66024,-98,0,0.76,2.81,31.8,0,645976,512
276000,48.90,489,511,1601272,0.2399,54.21,0.094938,1.025,0.0044,42.8,66264,-218,0,0.72,2.76,32.8,0,645976,617
277000,49.90,499,501,1604427,0.2393,54.26,0.094058,0.944,0.0044,42.9,66500,-194,0,0.72,2.80,33.5,0,645976,720
278000,54.60,546,454,1607513,0.2388,54.33,0.094074,0.774,0.0044,43.1,66767,-63,0,0.72,2.85,32.8,0,645976,824
279000,55.40,554,446,1610666,0.2382,54.40,0.093597,0.751,0.0046,43.3,67056,-43,0,0.72,2.93,33.6,1,645976,939
280000,54.90,549,451,1613775,0.2376,54.46,0.095614,0.922,0.0044,43.5,67316,-61,0,0.73,2.81,32.5,0,652532,1068
281000,53.70,537,463,1616744,0.2370,54.52,0.091376,1.518,0.0068,43.9,67567,-94,0,0.71,2.79,32.4,0,652532,99
282000,51.20,512,488,1619608,0.2364,54.57,0.089795,0.909,0.0045,44.0,67798,-153,0,0.72,2.83,31.8,0,652532,195
283000,52.40,524,476,1622542,0.2359,54.64,0.088901,0.935,0.0042,44.1,68087,-121,0,0.72,2.83,33.0,0,652532,294
284000,51.70,517,483,1625572,0.2353,54.71,0.088318,0.761,0.0045,44.2,68359,-138,0,0.72,2.79,34.3,0,652532,398
285000,53.10,531,469,1628565,0.2347,54.77,0.091979,0.748,0.0045,44.3,68620,-103,0,0.72,2.82,32.5,0,658769,506
286000,55.10,551,449,1631583,0.2341,54.83,0.091585,0.855,0.0044,44.5,68858,-54,0,0.87,2.81,32.9,0,658769,604
287000,51.10,511,489,1634511,0.2335,54.89,0.089200,1.025,0.0042,44.6,69109,-158,0,0.72,2.77,32.8,0,658769,710
288000,52.70,527,473,1637556,0.2330,54.95,0.090744,0.932,0.0043,44.7,69358,-111,0,0.71,2.77,33.5,0,658769,817
289000,53.70,537,463,1640543,0.2324,55.01,0.093382,0.734,0.0043,44.9,69624,-90,0,0.73,2.92,32.0,0,658769,910
290000,51.30,513,487,1643488,0.2318,55.07,0.089590,0.905,0.0041,45.0,69879,-147,0,0.74,2.87,32.8,0,665048,1032
291000,49.50,495,505,1646348,0.2312,55.13,0.088416,1.364,0.0070,45.3,70135,-199,0,0.74,2.85,32.3,0,665048,101
292000,50.00,500,500,1649323,0.2306,55.19,0.091373,0.737,0.0043,45.5,70411,-182,0,0.77,2.95,32.5,0,665048,198
293000,52.40,524,476,1652292,0.2301,55.25,0.093060,0.915,0.0042,45.6,70677,-122,0,0.72,2.81,31.8,0,665048,299
294000,51.90,519,481,1654989,0.2295,55.31,0.083618,0.647,0.0043,45.8,70915,-142,0,0.72,2.80,32.2,0,665048,396
295000,50.20,502,498,1657935,0.2289,55.37,0.090906,0.706,0.0043,45.9,71174,-187,0,0.73,2.81,32.4,0,671125,504
296000,53.40,534,466,1660831,0.2283,55.43,0.085508,0.798,0.0041,46.0,71452,-111,0,0.89,2.79,33.8,0,671125,610
297000,51.50,515,485,1663650,0.2277,55.49,0.085770,0.806,0.0042,46.1,71718,-152,0,0.72,2.78,32.8,0,671125,711
298000,51.20,512,488,1666595,0.2272,55.55,0.088343,0.770,0.0043,46.3,71985,-157,0,0.72,2.85,33.3,0,671125,819
299000,51.20,512,488,1669486,0.2266,55.61,0.087239,0.876,0.0044,46.3,72238,-158,0,0.72,2.76,33.1,0,671125,914
300000,48.90,489,511,1672371,0.2260,55.68,0.089493,0.963,0.0042,46.4,72505,-212,0,0.75,2.85,32.2,0,677236,1073
301000,53.90,539,461,1675313,0.2254,55.73,0.090359,1.219,0.0071,46.7,72759,-76,0,0.73,2.90,32.5,0,677236,102
302000,53.10,531,469,1678157,0.2248,55.80,0.086315,0.734,0.0042,46.8,73040,-99,0,0.71,2.85,32.9,0,677236,200
303000,48.90,489,511,1681111,0.2243,55.85,0.090221,0.814,0.0044,46.9,73269,-211,0,0.78,2.80,32.7,0,677236,300
304000,47.00,470,530,1683912,0.2237,55.91,0.085527,0.776,0.0041,46.9,73530,-274,0,0.72,2.85,32.7,0,677236,398
305000,51.60,516,484,1686813,0.2231,55.96,0.087819,0.845,0.0041,47.0,73762,-147,0,0.72,2.81,33.0,0,683303,509
306000,52.00,520,480,1689830,0.2225,56.01,0.093923,0.623,0.0039,47.1,74003,-130,0,0.73,2.81,32.1,0,683303,613
307000,51.50,515,485,1692828,0.2219,56.07,0.090233,0.920,0.0040,47.1,74261,-154,0,0.71,2.85,33.2,0,683303,715
308000,52.20,522,478,1695611,0.2214,56.13,0.084889,0.923,0.0041,47.2,74528,-136,0,0.74,2.85,32.7,0,683303,813
309000,55.40,554,446,1698499,0.2208,56.18,0.088960,0.957,0.0041,47.4,74771,-36,0,0.72,2.94,32.4,0,683303,921
310000,51.10,511,489,1701301,0.2202,56.24,0.083812,1.051,0.0041,47.5,75023,-155,0,0.73,2.82,32.6,0,689423,1078
311000,50.50,505,495,1704188,0.2196,56.29,0.087884,1.495,0.0067,47.8,75265,-171,0,0.74,2.84,32.8,0,689423,103
312000,50.00,500,500,1706904,0.2190,56.35,0.081437,0.751,0.0041,47.9,75535,-179,0,0.72,2.87,33.3,0,689423,203
313000,50.20,502,498,1709550,0.2185,56.43,0.078530,0.867,0.0040,48.0,75838,-172,0,0.71,2.86,32.8,0,689423,306
314000,51.10,511,489,1712316,0.2179,56.48,0.085877,0.730,0.0041,48.2,76069,-157,0,0.73,2.85,32.1,0,689423,404
315000,50.00,500,500,1715188,0.2173,56.55,0.074815,0.565,0.0042,48.2,76346,-183,0,0.76,2.86,34.0,0,695328,525
316000,51.80,518,482,1717982,0.2167,56.61,0.084860,0.813,0.0039,48.3,76612,-142,0,0.73,2.87,32.9,0,695328,626
317000,50.40,504,496,1720758,0.2161,56.66,0.083882,0.525,0.0040,48.5,76877,-174,0,0.72,2.91,33.1,0,695328,728
318000,49.00,490,510,1723487,0.2156,56.73,0.081170,0.507,0.0042,48.6,77154,-208,0,0.72,2.91,33.6,0,695328,834
319000,50.10,501,499,1726051,0.2150,56.78,0.081581,0.733,0.0040,48.7,77386,-191,0,0.74,2.92,31.4,0,695328,944
320000,49.90,499,501,1728919,0.2144,56.83,0.087118,0.666,0.0039,48.7,77646,-188,0,0.73,2.83,32.9,0,701132,1081
321000,49.70,497,503,1731703,0.2138,56.87,0.085041,1.279,0.0070,48.9,77865,-195,0,0.73,2.85,32.7,0,701132,101
322000,52.60,526,474,1734472,0.2132,56.93,0.085376,0.547,0.0040,49.1,78115,-109,0,0.73,2.84,32.4,0,701132,200
323000,53.00,530,470,1737388,0.2127,56.98,0.088705,0.903,0.0039,49.2,78366,-118,0,0.73,2.78,32.8,0,701132,302
324000,49.40,494,506,1740077,0.2121,57.04,0.081879,0.675,0.0041,49.2,78659,-199,0,0.73,2.87,32.8,0,701132,400
325000,53.30,533,467,1742898,0.2115,57.09,0.087964,0.654,0.0038,49.3,78932,-100,0,0.74,2.75,32.0,0,707031,509
326000,51.70,517,483,1745742,0.2109,57.15,0.085506,1.089,0.0040,49.3,79194,-137,0,0.72,2.89,33.2,0,707031,615
327000,51.10,511,489,1748597,0.2103,57.20,0.086085,0.605,0.0039,49.5,79469,-158,0,0.72,2.90,33.1,0,707031,719
328000,51.10,511,489,1751292,0.2098,57.25,0.084308,0.647,0.0041,49.6,79708,-141,0,0.74,2.92,31.9,0,707031,821
329000,53.40,534,466,1753900,0.2092,57.31,0.077626,0.686,0.0040,49.7,79982,-104,0,0.73,2.87,33.6,0,707031,933
330000,52.70,527,473,1756581,0.2086,57.37,0.079994,0.622,0.0040,49.8,80271,-113,0,0.74,2.88,33.5,0,712808,1070
331000,53.80,538,462,1759164,0.2080,57.43,0.076768,1.075,0.0072,50.3,80559,-85,0,0.71,2.86,33.6,0,712808,102
332000,53.90,539,461,1761930,0.2074,57.49,0.082336,0.581,0.0039,50.4,80818,-86,0,0.72,2.79,33.5,0,712808,203
333000,55.50,555,445,1764692,0.2069,57.54,0.083434,0.516,0.0039,50.6,81094,-39,0,0.72,2.84,33.0,0,712808,306
334000,52.40,524,476,1767490,0.2063,57.59,0.085243,0.624,0.0038,50.7,81337,-120,0,0.72,2.88,32.8,0,712808,403
335000,57.40,574,426,1770156,0.2057,57.64,0.082582,0.643,0.0040,50.8,81594,17,0,0.73,2.94,32.2,0,718553,519
336000,54.10,541,459,1773114,0.2051,57.69,0.087471,0.668,0.0037,50.9,81857,-76,0,0.72,2.84,33.8,0,718553,622
337000,52.30,523,477,1775791,0.2045,57.74,0.081911,0.600,0.0039,51.0,82107,-118,0,0.72,2.81,32.7,0,718553,724
338000,54.40,544,456,1778519,0.2040,57.79,0.079169,0.666,0.0039,51.2,82358,-74,0,0.71,2.95,34.1,1,718553,833
339000,55.30,553,447,1781176,0.2034,57.84,0.081199,0.556,0.0038,51.3,82611,-42,0,0.74,2.93,32.7,0,718553,952
340000,52.60,526,474,1784013,0.2028,57.90,0.079439,0.631,0.0037,51.4,82880,-124,0,0.70,2.77,33.7,0,724397,1089
341000,50.20,502,498,1786671,0.2022,57.95,0.082855,0.815,0.0070,51.9,83139,-171,0,0.73,2.87,32.0,0,724397,101
342000,50.20,502,498,1789463,0.2016,57.99,0.086819,0.547,0.0037,51.9,83372,-175,0,0.71,2.82,32.0,0,724397,198
343000,51.60,516,484,1792183,0.2011,58.05,0.083997,0.658,0.0040,51.9,83632,-139,0,0.73,2.93,32.3,0,724397,295
344000,53.60,536,464,1794709,0.2005,58.10,0.074294,0.604,0.0039,52.0,83888,-92,0,0.70,2.87,33.9,0,724397,398
345000,51.50,515,485,1797294,0.1999,58.16,0.079477,0.496,0.0037,52.0,84163,-139,0,0.72,2.93,32.5,0,730017,508
346000,52.20,522,478,1799913,0.1993,58.20,0.081910,0.622,0.0038,52.1,84398,-121,0,0.73,2.87,31.9,0,730017,611
347000,52.30,523,477,1802431,0.1987,58.26,0.075412,0.720,0.0038,52.1,84686,-118,0,0.71,2.92,32.6,0,730017,713
348000,52.10,521,479,1805056,0.1982,58.31,0.078701,0.652,0.0039,52.2,84947,-130,0,0.72,2.90,33.3,0,730017,821
349000,52.00,520,480,1807520,0.1976,58.36,0.077220,0.712,0.0038,52.3,85195,-130,0,0.72,2.94,31.9,0,730017,936
350000,56.20,562,438,1809963,0.1970,58.42,0.074291,0.567,0.0036,52.3,85467,-22,0,0.73,2.96,32.8,0,735410,1069
351000,53.60,536,464,1812555,0.1964,58.47,0.080728,1.138,0.0069,52.7,85725,-84,0,0.74,2.94,32.0,0,735410,102
352000,52.80,528,472,1815101,0.1958,58.51,0.078206,0.519,0.0040,52.8,85974,-109,0,0.73,2.85,32.5,0,735410,202
353000,51.80,518,482,1817700,0.1953,58.56,0.078079,0.702,0.0038,52.9,86255,-126,0,0.72,2.90,33.2,0,735410,306
354000,49.60,496,504,1820224,0.1947,58.61,0.076624,0.573,0.0038,53.0,86489,-190,0,0.73,2.83,32.9,0,735410,406
355000,50.80,508,492,1822805,0.1941,58.66,0.076822,0.442,0.0037,53.0,86753,-163,0,0.87,2.89,33.5,0,740862,519
356000,53.50,535,465,1825193,0.1935,58.71,0.074281,0.510,0.0037,53.0,86991,-96,0,0.73,2.95,32.1,0,740862,625
357000,51.60,516,484,1827786,0.1929,58.76,0.081214,0.484,0.0037,53.0,87244,-141,0,0.73,2.85,31.9,0,740862,725
358000,52.10,521,479,1830202,0.1924,58.81,0.073192,0.537,0.0037,53.0,87484,-127,0,0.74,2.92,32.9,0,740862,831
359000,52.10,521,479,1832778,0.1918,58.85,0.078513,0.472,0.0035,53.0,87728,-120,0,0.74,2.85,32.7,0,740862,929
360000,53.20,532,468,1835141,0.1912,58.89,0.073570,0.577,0.0037,53.1,87944,-91,0,0.75,3.00,32.1,0,746117,1093
361000,50.10,501,499,1837828,0.1906,58.93,0.081397,1.165,0.0068,53.5,88166,-178,0,0.74,2.87,33.0,0,746117,102
362000,50.00,500,500,1840390,0.1900,58.98,0.077731,0.525,0.0037,53.5,88402,-184,0,0.73,2.79,32.9,0,746117,201
363000,49.00,490,510,1842999,0.1895,59.03,0.078435,0.605,0.0037,53.5,88672,-205,0,0.72,2.86,33.2,0,746117,304
364000,51.30,513,487,1845473,0.1889,59.08,0.075999,0.554,0.0037,53.5,88933,-137,0,0.71,2.84,32.5,0,746117,401
365000,47.90,479,521,1847998,0.1883,59.13,0.077205,0.734,0.0035,53.6,89187,-239,0,0.71,2.83,32.6,0,751566,511
366000,51.30,513,487,1850548,0.1877,59.17,0.078147,0.763,0.0036,53.6,89423,-149,0,0.73,2.85,32.6,0,751566,616
367000,48.20,482,518,1853181,0.1871,59.22,0.078620,0.702,0.0036,53.7,89688,-228,0,0.72,2.86,33.4,0,751566,721
368000,49.60,496,504,1855753,0.1866,59.27,0.076611,0.721,0.0037,53.8,89948,-187,0,0.72,2.90,33.5,0,751566,829
369000,52.50,525,475,1858312,0.1860,59.32,0.075878,0.497,0.0036,53.9,90208,-127,0,0.73,2.85,33.7,0,751566,946
370000,48.70,487,513,1860804,0.1854,59.36,0.076308,0.616,0.0036,54.0,90446,-218,0,0.72,2.87,32.6,0,756995,1087
371000,55.10,551,449,1863152,0.1848,59.41,0.072195,0.790,0.0068,54.3,90709,-52,0,0.72,2.87,32.5,0,756995,100
372000,53.90,539,461,1865630,0.1842,59.46,0.074457,0.614,0.0037,54.4,90954,-77,0,0.72,2.79,33.2,0,756995,201
373000,53.60,536,464,1868064,0.1837,59.50,0.075656,0.508,0.0037,54.5,91198,-85,0,0.73,2.98,32.1,0,756995,305
374000,51.90,519,481,1870486,0.1831,59.55,0.073543,0.336,0.0038,54.6,91444,-131,0,0.73,2.91,32.9,0,756995,403
375000,51.50,515,485,1872865,0.1825,59.59,0.071693,0.420,0.0033,54.6,91690,-153,0,0.72,2.88,33.1,0,762125,515
376000,52.10,521,479,1875245,0.1819,59.64,0.072984,0.731,0.0038,54.7,91937,-128,0,0.72,2.86,32.6,0,762125,620
377000,51.60,516,484,1877619,0.1813,59.69,0.075110,0.606,0.0035,54.7,92202,-137,0,0.74,2.91,31.5,0,762125,722
378000,56.00,560,440,1880032,0.1808,59.74,0.073765,0.566,0.0034,54.8,92467,-18,0,0.73,2.95,32.7,0,762125,830
379000,51.50,515,485,1882426,0.1802,59.78,0.073605,0.645,0.0036,54.8,92724,-132,0,0.74,2.96,32.5,0,762125,927
380000,51.70,517,483,1884838,0.1796,59.83,0.071888,0.439,0.0034,54.8,92975,-144,0,0.73,2.86,33.5,0,767214,1080
381000,53.40,534,466,1887355,0.1790,59.87,0.075493,1.141,0.0071,55.2,93224,-95,0,0.71,2.90,32.5,0,767214,103
382000,54.70,547,453,1889913,0.1784,59.92,0.076156,0.345,0.0035,55.3,93459,-58,0,0.75,2.90,33.5,0,767214,204
383000,54.80,548,452,1892363,0.1779,59.96,0.074260,0.336,0.0036,55.4,93712,-56,0,0.73,2.92,32.9,0,767214,308
384000,55.00,550,450,1894773,0.1773,60.00,0.074218,0.462,0.0035,55.4,93948,-57,0,0.72,2.86,32.4,0,767214,405
385000,56.60,566,434,1897325,0.1767,60.04,0.077547,0.648,0.0037,55.4,94173,1,0,0.73,2.93,32.9,0,772511,517
386000,53.70,537,463,1899723,0.1761,60.09,0.072301,0.625,0.0035,55.5,94429,-78,0,0.72,2.88,33.1,0,772511,624
387000,53.00,530,470,1902131,0.1755,60.14,0.073021,0.546,0.0035,55.5,94681,-110,0,0.73,2.86,32.9,0,772511,728
388000,55.80,558,442,1904558,0.1750,60.19,0.070711,0.498,0.0035,55.6,94949,-23,1,0.71,2.89,34.3,2,772511,840
389000,53.10,531,469,1906937,0.1744,60.24,0.070564,0.741,0.0033,55.6,95201,-99,0,0.73,2.90,33.7,0,772511,962
390000,55.60,556,444,1909231,0.1738,60.28,0.070323,0.650,0.0033,55.7,95442,-32,0,0.72,2.90,32.6,1,777594,1104
391000,55.20,552,448,1911590,0.1732,60.33,0.070317,1.087,0.0071,56.2,95708,-44,0,0.74,2.96,33.4,1,777594,105
392000,52.50,525,475,1913924,0.1726,60.38,0.071154,0.596,0.0035,56.2,95946,-118,0,0.79,2.91,32.7,0,777594,205
393000,56.60,566,434,1916320,0.1721,60.42,0.072705,0.559,0.0034,56.3,96202,-4,0,0.73,2.93,32.9,0,777594,309
394000,53.50,535,465,1918658,0.1715,60.47,0.070664,0.375,0.0033,56.4,96466,-94,0,0.72,2.81,33.0,0,777594,408
395000,55.70,557,443,1920981,0.1709,60.52,0.068697,0.496,0.0032,56.5,96722,-28,0,0.72,2.83,33.8,0,782595,527
396000,56.70,567,433,1923405,0.1703,60.56,0.073801,0.470,0.0032,56.7,96974,-5,0,0.90,2.97,32.8,0,782595,629
397000,54.20,542,458,1925741,0.1697,60.60,0.071415,0.610,0.0033,56.7,97213,-68,0,0.72,2.95,32.7,0,782595,733
398000,53.70,537,463,1928124,0.1692,60.64,0.073855,0.426,0.0032,56.8,97443,-77,0,0.74,2.91,32.2,0,782595,843
399000,54.00,540,460,1930398,0.1686,60.69,0.068506,0.500,0.0034,56.8,97711,-77,0,0.73,2.85,33.2,0,782595,965
400000,57.10,571,429,1932808,0.1680,60.73,0.073829,0.352,0.0033,56.9,97931,-1,0,0.75,2.90,32.6,0,787634,1113
401000,56.90,569,431,1934948,0.1674,60.77,0.066119,0.926,0.0076,57.5,98175,7,0,0.73,2.93,32.3,0,787634,103
402000,58.00,580,420,1937158,0.1668,60.82,0.069052,0.333,0.0034,57.6,98438,29,0,0.72,2.97,31.9,0,787634,200
403000,59.60,596,404,1939435,0.1663,60.86,0.070090,0.354,0.0035,57.7,98680,68,0,0.73,3.00,32.4,0,787634,303
404000,56.90,569,431,1941716,0.1657,60.90,0.068349,0.557,0.0034,57.8,98925,2,0,0.72,2.92,33.3,0,787634,403
405000,56.50,565,435,1943972,0.1651,60.94,0.067549,0.508,0.0032,57.9,99174,-18,0,0.72,2.88,33.3,0,792405,515
406000,55.40,554,446,1946133,0.1645,60.99,0.067039,0.367,0.0031,57.9,99423,-37,0,0.92,2.91,32.2,0,792405,622
407000,56.20,562,438,1948340,0.1639,61.03,0.068244,0.489,0.0031,58.0,99663,-22,0,0.73,2.83,32.3,0,792405,724
408000,56.90,569,431,1950641,0.1634,61.07,0.071647,0.227,0.0033,58.1,99910,4,0,0.74,2.88,32.1,0,792405,831
409000,56.60,566,434,1952845,0.1628,61.12,0.068635,0.439,0.0033,58.1,100170,-8,0,0.74,2.95,32.0,0,792405,928
410000,56.70,567,433,1954996,0.1622,61.16,0.066183,0.388,0.0032,58.1,100428,2,0,0.74,2.92,32.4,0,797128,1088
411000,56.20,562,438,1957197,0.1616,61.21,0.067352,0.977,0.0075,58.6,100678,-16,0,0.73,2.86,32.6,0,797128,104
412000,55.00,550,450,1959465,0.1610,61.25,0.069517,0.368,0.0033,58.6,100903,-51,0,0.79,2.92,32.1,0,797128,203
413000,52.10,521,479,1961790,0.1605,61.28,0.070624,0.562,0.0030,58.6,101129,-132,0,0.83,2.81,32.9,0,797128,308
414000,57.70,577,423,1964035,0.1599,61.33,0.067240,0.313,0.0031,58.6,101383,23,0,0.73,2.88,33.3,0,797128,408
415000,53.20,532,468,1966322,0.1593,61.36,0.068395,0.402,0.0031,58.6,101615,-96,0,0.72,2.85,33.4,0,801959,523
416000,54.80,548,452,1968687,0.1587,61.40,0.070942,0.455,0.0033,58.6,101848,-58,0,0.72,2.93,33.3,0,801959,630
417000,55.70,557,443,1970988,0.1581,61.44,0.069203,0.644,0.0032,58.7,102077,-29,0,0.73,2.89,33.2,0,801959,736
418000,53.70,537,463,1973256,0.1576,61.48,0.068114,0.418,0.0032,58.7,102304,-88,0,0.73,2.85,33.2,0,801959,846
419000,56.20,562,438,1975430,0.1570,61.52,0.065047,0.393,0.0031,58.7,102567,-11,0,0.74,2.95,33.3,0,801959,963
420000,54.90,549,451,1977701,0.1564,61.56,0.067307,0.451,0.0033,58.8,102796,-51,0,0.73,2.90,33.7,0,806823,1098
421000,56.40,564,436,1980007,0.1558,61.60,0.070626,0.755,0.0075,59.4,103042,-14,0,0.73,2.97,32.6,0,806823,103
422000,52.60,526,474,1982226,0.1552,61.65,0.061694,0.372,0.0030,59.4,103283,-110,0,0.68,2.89,33.1,0,806823,207
423000,54.60,546,454,1984363,0.1547,61.69,0.064432,0.457,0.0031,59.4,103531,-70,0,0.73,2.94,33.1,0,806823,312
424000,53.90,539,461,1986578,0.1541,61.74,0.066068,0.538,0.0031,59.4,103787,-75,0,0.72,2.91,33.5,0,806823,414
425000,55.30,553,447,1988852,0.1535,61.78,0.069408,0.575,0.0031,59.4,104033,-44,0,0.73,2.94,32.7,0,811577,532
426000,53.10,531,469,1991184,0.1529,61.82,0.070013,0.474,0.0030,59.4,104283,-98,0,0.72,2.96,33.2,0,811577,636
427000,54.80,548,452,1993485,0.1523,61.86,0.070305,0.441,0.0029,59.5,104531,-61,0,0.95,2.90,32.7,0,811577,740
428000,51.20,512,488,1995733,0.1518,61.89,0.069511,0.425,0.0031,59.5,104767,-147,0,0.74,2.87,32.3,0,811577,850
429000,57.60,576,424,1998053,0.1512,61.94,0.068743,0.438,0.0032,59.5,105023,18,0,0.73,2.96,33.7,0,811577,949
430000,53.20,532,468,2000314,0.1506,61.98,0.067248,0.641,0.0029,59.6,105268,-92,0,0.73,2.91,33.6,0,816474,1118
431000,56.30,563,437,2002516,0.1500,62.01,0.068551,0.902,0.0073,60.0,105497,-14,0,0.76,2.96,32.1,0,816474,103
432000,55.10,551,449,2004803,0.1494,62.06,0.067140,0.340,0.0031,60.0,105765,-45,0,0.71,2.84,34.0,0,816474,206
433000,53.50,535,465,2006837,0.1489,62.10,0.061952,0.583,0.0029,60.1,106011,-88,0,0.72,2.87,32.8,0,816474,310
434000,56.70,567,433,2009054,0.1483,62.14,0.068834,0.341,0.0030,60.2,106265,-3,0,0.85,2.91,32.2,0,816474,409
435000,55.50,555,445,2011227,0.1477,62.17,0.067604,0.622,0.0030,60.2,106495,-26,0,0.73,2.91,32.1,0,821138,521
436000,54.90,549,451,2013361,0.1471,62.21,0.066710,0.326,0.0030,60.3,106754,-56,0,0.89,2.87,31.9,0,821138,628
437000,56.30,563,437,2015413,0.1465,62.25,0.059891,0.453,0.0030,60.4,106989,-7,0,0.72,2.96,34.2,0,821138,736
438000,54.70,547,453,2017471,0.1460,62.30,0.062523,0.313,0.0029,60.4,107252,-54,0,0.73,2.93,32.9,0,821138,850
439000,55.80,558,442,2019485,0.1454,62.34,0.061477,0.415,0.0030,60.4,107481,-22,0,0.73,3.00,32.7,0,821138,949
440000,57.20,572,428,2021592,0.1448,62.38,0.065206,0.504,0.0031,60.5,107722,15,0,0.75,2.91,32.3,0,825594,1120
441000,57.60,576,424,2023670,0.1442,62.42,0.062783,0.783,0.0068,60.7,107965,20,0,0.72,2.92,33.0,0,825594,103
442000,56.20,562,438,2025761,0.1436,62.46,0.062293,0.365,0.0031,60.8,108192,-8,0,0.71,2.92,33.5,0,825594,204
443000,55.40,554,446,2027862,0.1431,62.50,0.064229,0.378,0.0030,60.8,108456,-37,0,0.83,2.94,32.7,0,825594,307
444000,56.20,562,438,2029908,0.1425,62.55,0.057717,0.576,0.0030,60.9,108708,-18,0,0.69,2.98,31.8,0,825594,409
445000,54.60,546,454,2031938,0.1419,62.58,0.061513,0.368,0.0028,60.9,108930,-64,0,0.84,2.86,33.0,0,830009,522
446000,54.10,541,459,2034139,0.1413,62.62,0.065940,0.384,0.0029,61.0,109179,-72,0,0.72,2.83,33.3,0,830009,631
447000,58.70,587,413,2036348,0.1407,62.65,0.068454,0.287,0.0030,61.1,109404,44,0,0.72,2.95,32.2,0,830009,725
448000,55.20,552,448,2038373,0.1402,62.69,0.058680,0.322,0.0029,61.1,109641,-43,0,0.72,2.86,34.5,0,830009,849
449000,58.30,583,417,2040558,0.1396,62.73,0.065142,0.266,0.0031,61.2,109876,30,0,0.72,2.85,33.5,0,830009,948
450000,55.60,556,444,2042605,0.1390,62.76,0.062782,0.471,0.0028,61.3,110088,-37,0,0.74,2.89,32.5,0,834569,1123
451000,54.50,545,455,2044776,0.1384,62.80,0.063887,0.790,0.0069,61.6,110307,-57,0,0.72,2.84,33.9,1,834569,108
452000,55.20,552,448,2046855,0.1378,62.83,0.063467,0.245,0.0030,61.7,110539,-43,0,0.72,2.94,32.7,0,834569,206
453000,54.40,544,456,2048903,0.1373,62.87,0.060223,0.370,0.0031,61.7,110779,-67,0,0.72,2.94,33.9,0,834569,310
454000,55.20,552,448,2050969,0.1367,62.91,0.063169,0.466,0.0030,61.8,111025,-36,0,0.84,2.98,32.7,0,834569,412
455000,53.70,537,463,2053166,0.1361,62.95,0.063969,0.477,0.0030,61.7,111299,-72,0,0.72,2.91,34.3,0,839090,529
456000,50.90,509,491,2055186,0.1355,62.99,0.059707,0.311,0.0028,61.7,111556,-153,0,0.71,2.81,33.8,0,839090,633
457000,54.60,546,454,2057275,0.1349,63.03,0.063146,0.256,0.0027,61.7,111810,-59,0,0.89,2.93,33.0,0,839090,743
458000,54.20,542,458,2059374,0.1344,63.07,0.061531,0.541,0.0028,61.7,112050,-70,0,1.15,2.79,34.1,0,839090,859
459000,53.60,536,464,2061366,0.1338,63.11,0.059703,0.446,0.0027,61.6,112300,-81,0,0.73,2.95,33.3,0,839090,957
460000,55.10,551,449,2063406,0.1332,63.14,0.063319,0.341,0.0027,61.7,112546,-40,0,0.75,2.94,32.2,0,843493,1127
461000,57.20,572,428,2065599,0.1326,63.18,0.065937,0.800,0.0071,62.1,112791,1,0,0.74,2.83,33.1,0,843493,106
462000,53.50,535,465,2067513,0.1320,63.22,0.059215,0.475,0.0028,62.1,113031,-85,0,0.77,2.90,32.3,0,843493,205
463000,54.10,541,459,2069490,0.1314,63.25,0.062037,0.394,0.0027,62.1,113270,-73,0,0.82,2.94,31.8,0,843493,307
464000,59.80,598,402,2071585,0.1308,63.29,0.063425,0.475,0.0029,62.2,113485,85,0,0.73,2.96,33.0,0,843493,407
465000,56.00,560,440,2073610,0.1302,63.33,0.062589,0.257,0.0027,62.3,113754,-19,0,0.88,2.85,32.3,0,847864,520
466000,57.20,572,428,2075638,0.1297,63.36,0.062308,0.289,0.0028,62.3,113977,11,0,0.73,2.99,32.5,0,847864,626
467000,55.90,559,441,2077464,0.1290,63.40,0.055562,0.309,0.0027,62.3,114220,-20,0,0.73,2.88,32.8,0,847864,730
468000,52.70,527,473,2079480,0.1284,63.44,0.061045,0.472,0.0028,62.3,114464,-111,0,0.73,2.81,33.0,0,847864,841
469000,56.70,567,433,2081518,0.1279,63.48,0.061910,0.324,0.0029,62.3,114708,-2,0,0.73,2.87,32.9,0,847864,957
470000,55.80,558,442,2083581,0.1273,63.51,0.062812,0.393,0.0028,62.3,114937,-22,0,0.74,2.96,32.8,0,852154,1103
471000,53.70,537,463,2085410,0.1266,63.54,0.054903,0.659,0.0071,62.7,115137,-82,0,0.75,2.88,33.3,0,852154,108
472000,55.30,553,447,2087429,0.1261,63.58,0.062115,0.439,0.0027,62.7,115356,-40,0,0.73,2.88,32.4,0,852154,209
473000,56.00,560,440,2089369,0.1255,63.61,0.060149,0.602,0.0026,62.7,115593,-13,0,0.73,2.96,32.2,0,852154,307
474000,56.40,564,436,2091213,0.1248,63.65,0.056257,0.491,0.0027,62.8,115837,-9,0,0.75,2.91,32.7,0,852154,411
475000,57.30,573,427,2093302,0.1243,63.69,0.060292,0.434,0.0025,62.8,116087,13,0,0.83,2.94,32.7,0,856349,527
476000,59.00,590,410,2095249,0.1236,63.73,0.058278,0.470,0.0026,62.9,116319,56,0,0.73,2.90,33.3,0,856349,637
477000,55.90,559,441,2097184,0.1230,63.76,0.057174,0.398,0.0027,62.9,116567,-24,0,0.72,2.92,33.8,1,856349,744
478000,56.10,561,439,2099169,0.1225,63.80,0.061237,0.313,0.0027,63.0,116821,-17,0,0.75,2.88,32.3,0,856349,857
479000,57.80,578,422,2101043,0.1218,63.83,0.057499,0.338,0.0026,63.0,117031,26,0,0.74,2.93,32.5,0,856349,982
480000,58.60,586,414,2103080,0.1213,63.87,0.061593,0.248,0.0027,63.1,117280,44,0,0.76,2.95,33.0,0,860560,1133
481000,53.20,532,468,2105019,0.1206,63.90,0.056335,0.929,0.0069,63.6,117497,-93,0,0.72,2.86,34.4,0,860560,109
482000,56.60,566,434,2107043,0.1201,63.94,0.062663,0.218,0.0027,63.7,117711,-5,0,0.73,2.92,32.2,0,860560,208
483000,55.30,553,447,2108931,0.1194,63.97,0.055036,0.335,0.0027,63.7,117943,-40,0,0.80,2.92,34.2,1,860560,313
484000,56.20,562,438,2110865,0.1188,64.01,0.059198,0.416,0.0025,63.7,118162,-18,0,0.73,2.98,32.6,0,860560,417
485000,53.80,538,462,2112718,0.1182,64.04,0.055507,0.337,0.0026,63.7,118418,-69,0,0.72,3.01,33.3,0,864710,534
486000,57.00,570,430,2114647,0.1176,64.08,0.057942,0.402,0.0026,63.7,118657,4,0,0.73,2.92,33.2,0,864710,638
487000,52.10,521,479,2116452,0.1170,64.12,0.056297,0.180,0.0027,63.7,118902,-119,0,0.73,3.01,32.0,0,864710,749
488000,56.30,563,437,2118415,0.1164,64.15,0.061080,0.204,0.0026,63.7,119138,-6,0,0.74,2.88,32.1,0,864710,846
489000,54.20,542,458,2120437,0.1158,64.18,0.059973,0.281,0.0026,63.7,119363,-64,0,0.73,2.90,33.7,0,864710,963
490000,54.40,544,456,2122427,0.1152,64.22,0.059506,0.477,0.0026,63.7,119610,-61,0,0.74,2.86,33.4,0,868890,1138
491000,59.40,594,406,2124403,0.1146,64.25,0.059448,0.664,0.0071,64.3,119822,67,0,0.76,2.91,33.2,0,868890,107
492000,57.90,579,421,2126254,0.1140,64.28,0.055444,0.365,0.0025,64.4,120033,40,0,0.71,3.00,32.9,0,868890,206
493000,58.20,582,418,2128160,0.1134,64.32,0.056652,0.374,0.0026,64.4,120248,43,0,0.73,3.03,33.6,1,868890,311
494000,58.80,588,412,2130005,0.1127,64.35,0.055825,0.211,0.0027,64.4,120482,54,0,0.72,2.97,33.0,0,868890,414
495000,58.10,581,419,2131910,0.1121,64.39,0.056764,0.311,0.0025,64.5,120717,32,0,0.73,2.95,33.5,0,872975,532
496000,58.20,582,418,2133722,0.1115,64.42,0.054981,0.306,0.0025,64.4,120939,36,0,0.73,2.96,32.9,0,872975,634
497000,57.20,572,428,2135558,0.1108,64.46,0.054580,0.250,0.0025,64.5,121194,3,0,0.73,2.97,33.6,0,872975,753
498000,58.20,582,418,2137471,0.1102,64.50,0.056338,0.349,0.0024,64.5,121474,48,0,0.73,2.91,33.9,0,872975,852
499000,56.90,569,431,2139312,0.1096,64.53,0.054220,0.415,0.0025,64.5,121707,-0,0,0.73,2.89,33.9,0,872975,971
500000,59.70,597,403,2141154,0.1089,64.57,0.055783,0.174,0.0024,64.5,121950,77,0,0.75,3.01,33.0,0,876967,1150
501000,58.30,583,417,2143217,0.1084,64.60,0.059459,0.854,0.0078,65.1,122185,40,0,0.71,2.93,34.6,2,876967,110
502000,59.40,594,406,2145119,0.1077,64.63,0.057097,0.211,0.0025,65.1,122390,64,0,0.72,2.93,33.2,0,876967,211
503000,60.70,607,393,2147037,0.1071,64.67,0.056873,0.309,0.0026,65.1,122650,111,0,0.72,3.04,33.7,0,876967,317
504000,57.00,570,430,2148973,0.1065,64.70,0.056904,0.400,0.0025,65.1,122878,-2,0,0.72,2.92,34.0,0,876967,422
505000,54.70,547,453,2150850,0.1059,64.73,0.055644,0.384,0.0025,65.2,123122,-42,0,0.89,2.87,33.0,0,881127,539
506000,57.10,571,429,2152657,0.1053,64.77,0.055065,0.449,0.0024,65.1,123358,8,0,0.90,2.96,32.8,0,881127,642
507000,60.00,600,400,2154429,0.1046,64.80,0.052796,0.321,0.0025,65.2,123574,83,0,0.72,3.00,33.5,0,881127,747
508000,55.40,554,446,2156317,0.1040,64.83,0.055959,0.169,0.0024,65.1,123804,-30,0,1.07,2.86,33.7,0,881127,861
509000,58.40,584,416,2158208,0.1034,64.87,0.057645,0.333,0.0022,65.1,124059,51,0,0.75,2.96,32.7,0,881127,979
510000,55.70,557,443,2160139,0.1028,64.90,0.056854,0.223,0.0022,65.1,124298,-26,0,1.39,2.85,33.9,0,885138,1161
511000,58.20,582,418,2162007,0.1021,64.93,0.055726,0.728,0.0071,65.6,124524,34,0,0.73,2.90,33.5,0,885138,107
512000,57.20,572,428,2163860,0.1015,64.96,0.057207,0.220,0.0025,65.6,124738,10,0,0.73,2.97,32.3,0,885138,206
513000,57.80,578,422,2165846,0.1009,64.99,0.059902,0.250,0.0023,65.6,124968,22,0,0.72,2.92,33.1,0,885138,308
514000,58.10,581,419,2167689,0.1003,65.03,0.054033,0.316,0.0024,65.6,125198,39,0,0.71,2.93,32.9,0,885138,412
515000,54.30,543,457,2169522,0.0996,65.06,0.055853,0.252,0.0025,65.6,125431,-61,0,0.73,2.87,32.8,0,889197,528
516000,57.40,574,426,2171491,0.0990,65.09,0.058267,0.303,0.0024,65.6,125647,5,0,0.72,2.85,33.7,0,889197,632
517000,54.50,545,455,2173410,0.0984,65.12,0.055811,0.218,0.0024,65.6,125887,-59,0,0.72,2.91,34.3,0,889197,747
518000,58.50,585,415,2175155,0.0978,65.16,0.052722,0.234,0.0023,65.6,126116,44,0,0.73,2.97,33.0,0,889197,862
519000,59.60,596,404,2176915,0.0971,65.19,0.052866,0.361,0.0023,65.6,126315,86,0,0.73,2.99,32.0,0,889197,961
520000,55.50,555,445,2178897,0.0965,65.23,0.059251,0.203,0.0023,65.6,126566,-33,0,1.34,2.94,33.4,0,893251,1098
521000,57.60,576,424,2180611,0.0958,65.26,0.052674,0.896,0.0070,66.1,126817,20,0,0.75,2.92,32.5,0,893251,104
522000,59.10,591,409,2182409,0.0952,65.29,0.055818,0.199,0.0023,66.1,127031,65,0,0.80,3.01,32.1,0,893251,204
523000,56.10,561,439,2184267,0.0945,65.32,0.056194,0.311,0.0023,66.1,127290,-15,0,0.72,2.93,33.0,0,893251,307
524000,59.70,597,403,2186060,0.0939,65.35,0.055739,0.431,0.0022,66.1,127513,76,0,0.73,2.97,32.1,0,893251,408
525000,61.30,613,387,2187847,0.0932,65.38,0.055187,0.331,0.0023,66.1,127742,110,0,0.86,2.93,32.3,0,897123,522
526000,58.40,584,416,2189693,0.0926,65.42,0.054696,0.390,0.0023,66.1,127986,45,0,0.71,2.90,33.7,0,897123,625
527000,56.80,568,432,2191414,0.0919,65.45,0.050432,0.367,0.0023,66.1,128218,10,0,0.72,2.97,34.1,0,897123,733
528000,58.00,580,420,2193121,0.0912,65.48,0.052879,0.169,0.0022,66.2,128464,38,0,0.73,2.96,32.2,0,897123,843
529000,58.30,583,417,2194843,0.0906,65.52,0.050382,0.309,0.0023,66.1,128690,35,0,0.72,2.91,34.1,0,897123,963
530000,57.50,575,425,2196639,0.0899,65.55,0.055238,0.344,0.0023,66.1,128921,22,0,0.74,2.90,32.5,0,900927,1142
531000,54.90,549,451,2198281,0.0892,65.58,0.050660,0.816,0.0073,66.6,129134,-43,0,0.77,3.03,32.4,0,900927,103
532000,54.90,549,451,2200230,0.0886,65.61,0.057270,0.290,0.0023,66.5,129360,-50,0,0.72,2.90,34.0,0,900927,205
533000,55.50,555,445,2202201,0.0880,65.64,0.058788,0.358,0.0022,66.6,129600,-37,0,0.71,2.92,33.5,0,900927,307
534000,56.00,560,440,2203906,0.0873,65.67,0.051016,0.351,0.0023,66.6,129819,-8,0,0.84,2.94,33.4,0,900927,412
535000,55.50,555,445,2205603,0.0866,65.70,0.050473,0.235,0.0021,66.6,130037,-35,0,0.84,2.99,33.6,0,904806,529
536000,55.50,555,445,2207428,0.0860,65.73,0.054682,0.170,0.0022,66.5,130278,-31,0,0.72,2.93,33.3,0,904806,632
537000,54.80,548,452,2209132,0.0853,65.76,0.051469,0.377,0.0023,66.5,130480,-48,0,0.72,2.94,32.9,0,904806,746
538000,58.40,584,416,2210956,0.0847,65.79,0.053726,0.395,0.0022,66.5,130720,40,0,0.72,2.97,33.9,0,904806,846
539000,58.20,582,418,2212748,0.0840,65.82,0.054478,0.405,0.0023,66.5,130927,49,0,0.75,2.97,32.8,0,904806,966
540000,54.60,546,454,2214495,0.0833,65.85,0.052568,0.271,0.0022,66.5,131170,-42,0,0.74,2.91,33.2,1,908644,1152
541000,58.90,589,411,2216215,0.0827,65.88,0.053119,0.740,0.0070,66.9,131401,48,0,0.73,2.93,32.3,0,908644,105
542000,61.50,615,385,2218016,0.0820,65.91,0.054589,0.276,0.0022,66.9,131620,125,0,0.73,2.91,32.8,0,908644,207
543000,62.50,625,375,2219773,0.0813,65.94,0.054177,0.279,0.0023,66.9,131871,156,0,0.72,3.04,32.4,0,908644,307
544000,59.10,591,409,2221424,0.0806,65.97,0.051094,0.371,0.0022,66.9,132094,58,0,0.73,2.84,32.3,0,908644,411
545000,61.60,616,384,2223110,0.0799,66.00,0.051280,0.410,0.0022,67.0,132323,137,0,0.73,2.94,32.8,0,912374,528
546000,61.20,612,388,2224884,0.0793,66.03,0.055802,0.275,0.0020,66.9,132547,125,0,0.74,2.88,31.7,0,912374,628
547000,56.90,569,431,2226544,0.0786,66.06,0.051844,0.387,0.0023,67.0,132762,12,0,0.73,3.01,32.0,0,912374,731
548000,59.50,595,405,2228229,0.0779,66.09,0.048855,0.202,0.0021,67.0,133018,74,0,0.91,3.00,34.4,0,912374,841
549000,62.40,624,376,2229783,0.0771,66.12,0.048573,0.195,0.0022,67.0,133229,146,0,0.74,2.95,31.9,0,912374,956
550000,59.80,598,402,2231484,0.0764,66.17,0.042608,0.313,0.0023,67.0,133462,88,0,0.67,2.93,33.2,0,916006,1138
551000,58.60,586,414,2233104,0.0757,66.19,0.050598,0.945,0.0072,67.7,133680,52,0,0.73,3.05,31.9,0,916006,102
552000,61.90,619,381,2234741,0.0750,66.22,0.050658,0.534,0.0021,67.7,133901,131,0,0.73,2.97,32.2,0,916006,204
553000,59.40,594,406,2236368,0.0743,66.26,0.050037,0.176,0.0021,67.7,134155,87,0,0.73,3.05,32.4,0,916006,308
554000,60.10,601,399,2238075,0.0736,66.29,0.050847,0.198,0.0022,67.7,134399,92,0,0.73,3.04,32.9,0,916006,412
555000,59.80,598,402,2239684,0.0729,66.32,0.048535,0.192,0.0021,67.7,134614,86,1,0.72,2.93,33.1,1,919576,527
556000,59.40,594,406,2241417,0.0722,66.35,0.052956,0.299,0.0023,67.7,134848,72,0,0.74,2.92,32.7,0,919576,636
557000,60.00,600,400,2243057,0.0715,66.38,0.050708,0.115,0.0022,67.7,135070,93,0,0.72,2.99,32.3,0,919576,740
558000,59.90,599,401,2244840,0.0708,66.41,0.052504,0.256,0.0021,67.7,135286,92,0,0.73,2.92,33.9,0,919576,858
559000,62.00,620,380,2246398,0.0701,66.44,0.047922,0.178,0.0021,67.7,135499,143,0,0.73,3.00,32.4,0,919576,956
560000,59.90,599,401,2248022,0.0693,66.47,0.047882,0.355,0.0021,67.7,135732,88,0,0.73,2.87,33.9,0,923193,1132
561000,60.90,609,391,2249619,0.0686,66.50,0.049894,0.544,0.0068,68.2,135942,117,0,0.73,2.97,32.0,0,923193,104
562000,58.40,584,416,2251281,0.0679,66.53,0.051546,0.127,0.0022,68.2,136184,41,0,0.73,2.96,32.2,0,923193,203
563000,54.20,542,458,2252965,0.0672,66.56,0.049496,0.195,0.0022,68.2,136411,-65,0,0.71,2.95,34.0,0,923193,308
564000,58.00,580,420,2254655,0.0665,66.60,0.049972,0.229,0.0021,68.2,136652,42,0,0.73,2.99,33.8,0,923193,414
565000,59.00,590,410,2256440,0.0659,66.62,0.054572,0.256,0.0022,68.2,136865,64,0,0.73,3.02,32.7,0,926842,530
566000,56.70,567,433,2258063,0.0651,66.66,0.047558,0.222,0.0020,68.2,137112,7,0,0.72,3.01,34.1,0,926842,635
567000,58.90,589,411,2259692,0.0644,66.69,0.049222,0.239,0.0020,68.1,137361,57,0,0.73,2.97,33.0,0,926842,751
568000,60.00,600,400,2261216,0.0637,66.72,0.045082,0.273,0.0020,68.2,137598,85,0,0.73,2.96,33.8,0,926842,870
569000,59.20,592,408,2262887,0.0630,66.75,0.049852,0.309,0.0020,68.2,137796,73,0,0.73,2.99,33.4,0,926842,971
570000,59.10,591,409,2264598,0.0623,66.78,0.051445,0.211,0.0021,68.2,138019,63,0,0.74,2.99,33.2,0,930394,1149
571000,60.00,600,400,2266141,0.0615,66.81,0.045972,0.578,0.0071,68.8,138252,100,0,0.72,3.01,33.5,0,930394,107
572000,60.30,603,397,2267768,0.0608,66.84,0.049154,0.120,0.0020,68.8,138472,90,0,0.78,2.95,33.0,0,930394,206
573000,60.20,602,398,2269340,0.0601,66.87,0.048006,0.188,0.0020,68.8,138703,98,0,0.73,3.01,32.7,0,930394,308
574000,59.70,597,403,2270932,0.0593,66.90,0.048785,0.118,0.0019,68.8,138930,83,0,0.73,2.98,32.6,0,930394,412
575000,59.40,594,406,2272550,0.0586,66.92,0.049072,0.244,0.0020,68.8,139139,66,0,0.73,3.02,32.9,0,933864,529
576000,62.20,622,378,2274107,0.0578,66.95,0.047481,0.236,0.0021,68.8,139358,141,0,0.73,2.93,32.7,0,933864,631
577000,63.70,637,363,2275611,0.0571,66.98,0.045382,0.183,0.0020,68.8,139579,176,0,0.73,2.94,33.1,0,933864,748
578000,61.90,619,381,2277217,0.0563,67.01,0.050086,0.333,0.0020,68.8,139819,136,0,0.75,3.03,32.0,0,933864,845
579000,61.00,610,390,2278899,0.0556,67.04,0.046371,0.227,0.0020,68.8,140024,111,0,0.71,3.00,34.1,0,933864,969
580000,61.10,611,389,2280478,0.0549,67.07,0.048061,0.173,0.0019,68.8,140221,116,0,0.75,3.04,32.8,0,937324,1152
581000,57.70,577,423,2282106,0.0542,67.10,0.048260,0.641,0.0070,69.3,140425,35,0,0.72,2.98,33.7,0,937324,109
582000,57.30,573,427,2283858,0.0535,67.13,0.049404,0.257,0.0020,69.3,140662,15,0,0.70,3.00,33.6,0,937324,213
583000,58.70,587,413,2285503,0.0528,67.16,0.048191,0.267,0.0019,69.2,140893,51,0,0.72,2.93,34.1,0,937324,323
584000,59.60,596,404,2287182,0.0521,67.19,0.050803,0.240,0.0019,69.3,141126,72,0,0.72,2.88,33.0,0,937324,424
585000,58.30,583,417,2288700,0.0513,67.22,0.045489,0.218,0.0019,69.2,141351,47,0,0.73,2.99,33.3,0,940892,542
586000,59.30,593,407,2290302,0.0506,67.25,0.047657,0.211,0.0020,69.2,141584,74,0,0.72,2.96,33.6,0,940892,649
587000,57.40,574,426,2291868,0.0500,67.27,0.047065,0.288,0.0020,69.2,141808,26,0,0.73,3.00,33.2,0,940892,756
588000,56.40,564,436,2293467,0.0500,67.31,0.044022,0.271,0.0020,69.2,142035,-10,0,0.70,2.96,33.5,0,940892,871
589000,58.60,586,414,2295226,0.0500,67.33,0.052893,0.355,0.0020,69.2,142239,50,0,0.74,2.96,33.2,0,940892,990
590000,58.60,586,414,2296871,0.0500,67.36,0.048625,0.410,0.0021,69.2,142460,51,0,0.74,3.01,33.8,0,944448,1187
591000,61.50,615,385,2298424,0.0500,67.38,0.048127,0.585,0.0074,69.7,142633,130,0,0.78,2.94,32.0,0,944448,105
592000,59.70,597,403,2299980,0.0500,67.41,0.047133,0.279,0.0021,69.7,142848,91,0,0.73,3.06,33.0,0,944448,207
593000,61.70,617,383,2301569,0.0500,67.44,0.049329,0.219,0.0020,69.7,143084,134,0,0.74,2.98,32.1,0,944448,310
594000,62.10,621,379,2303197,0.0500,67.47,0.044045,0.236,0.0019,69.7,143303,149,0,0.69,2.99,33.6,0,944448,420
595000,61.20,612,388,2304713,0.0500,67.50,0.046034,0.321,0.0018,69.7,143525,126,0,0.86,2.99,32.8,0,947848,541
596000,62.20,622,378,2306234,0.0500,67.53,0.045325,0.267,0.0019,69.8,143768,137,0,0.73,2.96,33.5,0,947848,646
597000,64.30,643,357,2307859,0.0500,67.56,0.049487,0.252,0.0020,69.8,143991,197,0,0.73,2.95,32.8,0,947848,762
598000,58.20,582,418,2309445,0.0500,67.59,0.048487,0.267,0.0020,69.8,144198,32,0,0.74,2.98,32.6,0,947848,861
599000,60.90,609,391,2311103,0.0500,67.61,0.051499,0.122,0.0020,69.8,144426,117,0,0.75,2.94,32.1,0,947848,980
600000,58.70,587,413,2312768,0.0500,67.64,0.049067,0.221,0.0020,69.7,144647,48,0,0.74,2.95,33.9,0,951349,1163
